2021/07/16-20:10:53.353114 7f395a5c41c0 RocksDB version: 6.12.7
2021/07/16-20:10:53.353342 7f395a5c41c0 Git sha rocksdb_build_git_sha:@0@
2021/07/16-20:10:53.353349 7f395a5c41c0 Compile date Jan  1 1980
2021/07/16-20:10:53.353511 7f395a5c41c0 DB SUMMARY
2021/07/16-20:10:53.353517 7f395a5c41c0 DB Session ID:  MEDU2NJDJDDSAKFDLFTW
2021/07/16-20:10:53.353603 7f395a5c41c0 SST files in /home/opa/ICP/ic-static-minimal/.dfx/state/replicated_state/node-100/ic_consensus_pool/consensus dir, Total Num: 0, files: 
2021/07/16-20:10:53.353610 7f395a5c41c0 Write Ahead Log file in /home/opa/ICP/ic-static-minimal/.dfx/state/replicated_state/node-100/ic_consensus_pool/consensus: 
2021/07/16-20:10:53.353615 7f395a5c41c0                         Options.error_if_exists: 0
2021/07/16-20:10:53.353618 7f395a5c41c0                       Options.create_if_missing: 1
2021/07/16-20:10:53.353621 7f395a5c41c0                         Options.paranoid_checks: 1
2021/07/16-20:10:53.353623 7f395a5c41c0                                     Options.env: 0x560de0b23ba0
2021/07/16-20:10:53.353626 7f395a5c41c0                                      Options.fs: Posix File System
2021/07/16-20:10:53.353629 7f395a5c41c0                                Options.info_log: 0x7f395a05f110
2021/07/16-20:10:53.353632 7f395a5c41c0                Options.max_file_opening_threads: 16
2021/07/16-20:10:53.353634 7f395a5c41c0                              Options.statistics: (nil)
2021/07/16-20:10:53.353638 7f395a5c41c0                               Options.use_fsync: 1
2021/07/16-20:10:53.353640 7f395a5c41c0                       Options.max_log_file_size: 0
2021/07/16-20:10:53.353643 7f395a5c41c0                  Options.max_manifest_file_size: 1073741824
2021/07/16-20:10:53.353646 7f395a5c41c0                   Options.log_file_time_to_roll: 0
2021/07/16-20:10:53.353648 7f395a5c41c0                       Options.keep_log_file_num: 1000
2021/07/16-20:10:53.353651 7f395a5c41c0                    Options.recycle_log_file_num: 0
2021/07/16-20:10:53.353654 7f395a5c41c0                         Options.allow_fallocate: 1
2021/07/16-20:10:53.353656 7f395a5c41c0                        Options.allow_mmap_reads: 0
2021/07/16-20:10:53.353659 7f395a5c41c0                       Options.allow_mmap_writes: 0
2021/07/16-20:10:53.353661 7f395a5c41c0                        Options.use_direct_reads: 0
2021/07/16-20:10:53.353664 7f395a5c41c0                        Options.use_direct_io_for_flush_and_compaction: 0
2021/07/16-20:10:53.353667 7f395a5c41c0          Options.create_missing_column_families: 1
2021/07/16-20:10:53.353669 7f395a5c41c0                              Options.db_log_dir: 
2021/07/16-20:10:53.353672 7f395a5c41c0                                 Options.wal_dir: /home/opa/ICP/ic-static-minimal/.dfx/state/replicated_state/node-100/ic_consensus_pool/consensus
2021/07/16-20:10:53.353675 7f395a5c41c0                Options.table_cache_numshardbits: 6
2021/07/16-20:10:53.353677 7f395a5c41c0                         Options.WAL_ttl_seconds: 0
2021/07/16-20:10:53.353680 7f395a5c41c0                       Options.WAL_size_limit_MB: 0
2021/07/16-20:10:53.353682 7f395a5c41c0                        Options.max_write_batch_group_size_bytes: 1048576
2021/07/16-20:10:53.353685 7f395a5c41c0             Options.manifest_preallocation_size: 4194304
2021/07/16-20:10:53.353688 7f395a5c41c0                     Options.is_fd_close_on_exec: 1
2021/07/16-20:10:53.353690 7f395a5c41c0                   Options.advise_random_on_open: 1
2021/07/16-20:10:53.353693 7f395a5c41c0                    Options.db_write_buffer_size: 0
2021/07/16-20:10:53.353696 7f395a5c41c0                    Options.write_buffer_manager: 0x7f3958597560
2021/07/16-20:10:53.353698 7f395a5c41c0         Options.access_hint_on_compaction_start: 1
2021/07/16-20:10:53.353701 7f395a5c41c0  Options.new_table_reader_for_compaction_inputs: 0
2021/07/16-20:10:53.353703 7f395a5c41c0           Options.random_access_max_buffer_size: 1048576
2021/07/16-20:10:53.353706 7f395a5c41c0                      Options.use_adaptive_mutex: 0
2021/07/16-20:10:53.353709 7f395a5c41c0                            Options.rate_limiter: (nil)
2021/07/16-20:10:53.353743 7f395a5c41c0     Options.sst_file_manager.rate_bytes_per_sec: 0
2021/07/16-20:10:53.353749 7f395a5c41c0                       Options.wal_recovery_mode: 2
2021/07/16-20:10:53.353752 7f395a5c41c0                  Options.enable_thread_tracking: 0
2021/07/16-20:10:53.353755 7f395a5c41c0                  Options.enable_pipelined_write: 0
2021/07/16-20:10:53.353757 7f395a5c41c0                  Options.unordered_write: 0
2021/07/16-20:10:53.353760 7f395a5c41c0         Options.allow_concurrent_memtable_write: 1
2021/07/16-20:10:53.353762 7f395a5c41c0      Options.enable_write_thread_adaptive_yield: 1
2021/07/16-20:10:53.353765 7f395a5c41c0             Options.write_thread_max_yield_usec: 100
2021/07/16-20:10:53.353768 7f395a5c41c0            Options.write_thread_slow_yield_usec: 3
2021/07/16-20:10:53.353770 7f395a5c41c0                               Options.row_cache: None
2021/07/16-20:10:53.353773 7f395a5c41c0                              Options.wal_filter: None
2021/07/16-20:10:53.353776 7f395a5c41c0             Options.avoid_flush_during_recovery: 0
2021/07/16-20:10:53.353778 7f395a5c41c0             Options.allow_ingest_behind: 0
2021/07/16-20:10:53.353781 7f395a5c41c0             Options.preserve_deletes: 0
2021/07/16-20:10:53.353783 7f395a5c41c0             Options.two_write_queues: 0
2021/07/16-20:10:53.353786 7f395a5c41c0             Options.manual_wal_flush: 0
2021/07/16-20:10:53.353788 7f395a5c41c0             Options.atomic_flush: 0
2021/07/16-20:10:53.353791 7f395a5c41c0             Options.avoid_unnecessary_blocking_io: 0
2021/07/16-20:10:53.353793 7f395a5c41c0                 Options.persist_stats_to_disk: 0
2021/07/16-20:10:53.353796 7f395a5c41c0                 Options.write_dbid_to_manifest: 0
2021/07/16-20:10:53.353798 7f395a5c41c0                 Options.log_readahead_size: 0
2021/07/16-20:10:53.353801 7f395a5c41c0                 Options.file_checksum_gen_factory: Unknown
2021/07/16-20:10:53.353804 7f395a5c41c0                 Options.best_efforts_recovery: 0
2021/07/16-20:10:53.353806 7f395a5c41c0                Options.max_bgerror_resume_count: 2147483647
2021/07/16-20:10:53.353809 7f395a5c41c0            Options.bgerror_resume_retry_interval: 1000000
2021/07/16-20:10:53.353812 7f395a5c41c0             Options.max_background_jobs: 2
2021/07/16-20:10:53.353814 7f395a5c41c0             Options.max_background_compactions: -1
2021/07/16-20:10:53.353817 7f395a5c41c0             Options.max_subcompactions: 1
2021/07/16-20:10:53.353820 7f395a5c41c0             Options.avoid_flush_during_shutdown: 0
2021/07/16-20:10:53.353823 7f395a5c41c0           Options.writable_file_max_buffer_size: 1048576
2021/07/16-20:10:53.353825 7f395a5c41c0             Options.delayed_write_rate : 16777216
2021/07/16-20:10:53.353828 7f395a5c41c0             Options.max_total_wal_size: 0
2021/07/16-20:10:53.353831 7f395a5c41c0             Options.delete_obsolete_files_period_micros: 21600000000
2021/07/16-20:10:53.353833 7f395a5c41c0                   Options.stats_dump_period_sec: 600
2021/07/16-20:10:53.353836 7f395a5c41c0                 Options.stats_persist_period_sec: 600
2021/07/16-20:10:53.353839 7f395a5c41c0                 Options.stats_history_buffer_size: 1048576
2021/07/16-20:10:53.353841 7f395a5c41c0                          Options.max_open_files: -1
2021/07/16-20:10:53.353844 7f395a5c41c0                          Options.bytes_per_sync: 0
2021/07/16-20:10:53.353847 7f395a5c41c0                      Options.wal_bytes_per_sync: 0
2021/07/16-20:10:53.353849 7f395a5c41c0                   Options.strict_bytes_per_sync: 0
2021/07/16-20:10:53.353852 7f395a5c41c0       Options.compaction_readahead_size: 0
2021/07/16-20:10:53.353855 7f395a5c41c0                  Options.max_background_flushes: -1
2021/07/16-20:10:53.353857 7f395a5c41c0 Compression algorithms supported:
2021/07/16-20:10:53.353860 7f395a5c41c0 	kZSTDNotFinalCompression supported: 1
2021/07/16-20:10:53.353874 7f395a5c41c0 	kZSTD supported: 1
2021/07/16-20:10:53.353879 7f395a5c41c0 	kXpressCompression supported: 0
2021/07/16-20:10:53.353882 7f395a5c41c0 	kLZ4HCCompression supported: 1
2021/07/16-20:10:53.353912 7f395a5c41c0 	kLZ4Compression supported: 1
2021/07/16-20:10:53.353918 7f395a5c41c0 	kBZip2Compression supported: 1
2021/07/16-20:10:53.353921 7f395a5c41c0 	kZlibCompression supported: 1
2021/07/16-20:10:53.353924 7f395a5c41c0 	kSnappyCompression supported: 1
2021/07/16-20:10:53.353928 7f395a5c41c0 Fast CRC32 supported: Supported on x86
2021/07/16-20:10:53.360517 7f395a5c41c0 [db/db_impl/db_impl_open.cc:271] Creating manifest 1 
2021/07/16-20:10:53.368132 7f395a5c41c0 [db/version_set.cc:4559] Recovering from manifest file: /home/opa/ICP/ic-static-minimal/.dfx/state/replicated_state/node-100/ic_consensus_pool/consensus/MANIFEST-000001
2021/07/16-20:10:53.368671 7f395a5c41c0 [db/column_family.cc:578] --------------- Options for column family [default]:
2021/07/16-20:10:53.368686 7f395a5c41c0               Options.comparator: leveldb.BytewiseComparator
2021/07/16-20:10:53.368692 7f395a5c41c0           Options.merge_operator: None
2021/07/16-20:10:53.368698 7f395a5c41c0        Options.compaction_filter: None
2021/07/16-20:10:53.368701 7f395a5c41c0        Options.compaction_filter_factory: None
2021/07/16-20:10:53.368704 7f395a5c41c0  Options.sst_partitioner_factory: None
2021/07/16-20:10:53.368708 7f395a5c41c0         Options.memtable_factory: SkipListFactory
2021/07/16-20:10:53.368711 7f395a5c41c0            Options.table_factory: BlockBasedTable
2021/07/16-20:10:53.368827 7f395a5c41c0            table_factory options:   flush_block_policy_factory: FlushBlockBySizePolicyFactory (0x7f394ecf8050)
  cache_index_and_filter_blocks: 0
  cache_index_and_filter_blocks_with_high_priority: 1
  pin_l0_filter_and_index_blocks_in_cache: 0
  pin_top_level_index_and_filter: 1
  index_type: 0
  data_block_index_type: 0
  index_shortening: 1
  data_block_hash_table_util_ratio: 0.750000
  hash_index_allow_collision: 1
  checksum: 1
  no_block_cache: 0
  block_cache: 0x7f394ed0a110
  block_cache_name: LRUCache
  block_cache_options:
    capacity : 8388608
    num_shard_bits : 4
    strict_capacity_limit : 0
    memory_allocator : None
    high_pri_pool_ratio: 0.000
  block_cache_compressed: (nil)
  persistent_cache: (nil)
  block_size: 4096
  block_size_deviation: 10
  block_restart_interval: 16
  index_block_restart_interval: 1
  metadata_block_size: 4096
  partition_filters: 0
  use_delta_encoding: 1
  filter_policy: nullptr
  whole_key_filtering: 1
  verify_compression: 0
  read_amp_bytes_per_bit: 0
  format_version: 4
  enable_index_compression: 1
  block_align: 0
2021/07/16-20:10:53.368849 7f395a5c41c0        Options.write_buffer_size: 67108864
2021/07/16-20:10:53.368855 7f395a5c41c0  Options.max_write_buffer_number: 2
2021/07/16-20:10:53.368861 7f395a5c41c0          Options.compression: Snappy
2021/07/16-20:10:53.368864 7f395a5c41c0                  Options.bottommost_compression: Disabled
2021/07/16-20:10:53.368868 7f395a5c41c0       Options.prefix_extractor: nullptr
2021/07/16-20:10:53.368871 7f395a5c41c0   Options.memtable_insert_with_hint_prefix_extractor: nullptr
2021/07/16-20:10:53.368874 7f395a5c41c0             Options.num_levels: 7
2021/07/16-20:10:53.368878 7f395a5c41c0        Options.min_write_buffer_number_to_merge: 1
2021/07/16-20:10:53.368881 7f395a5c41c0     Options.max_write_buffer_number_to_maintain: 0
2021/07/16-20:10:53.368884 7f395a5c41c0     Options.max_write_buffer_size_to_maintain: 0
2021/07/16-20:10:53.368888 7f395a5c41c0            Options.bottommost_compression_opts.window_bits: -14
2021/07/16-20:10:53.368893 7f395a5c41c0                  Options.bottommost_compression_opts.level: 32767
2021/07/16-20:10:53.368896 7f395a5c41c0               Options.bottommost_compression_opts.strategy: 0
2021/07/16-20:10:53.368899 7f395a5c41c0         Options.bottommost_compression_opts.max_dict_bytes: 0
2021/07/16-20:10:53.368903 7f395a5c41c0         Options.bottommost_compression_opts.zstd_max_train_bytes: 0
2021/07/16-20:10:53.368908 7f395a5c41c0         Options.bottommost_compression_opts.parallel_threads: 1
2021/07/16-20:10:53.368911 7f395a5c41c0                  Options.bottommost_compression_opts.enabled: false
2021/07/16-20:10:53.368975 7f395a5c41c0            Options.compression_opts.window_bits: -14
2021/07/16-20:10:53.368982 7f395a5c41c0                  Options.compression_opts.level: 32767
2021/07/16-20:10:53.368986 7f395a5c41c0               Options.compression_opts.strategy: 0
2021/07/16-20:10:53.368990 7f395a5c41c0         Options.compression_opts.max_dict_bytes: 0
2021/07/16-20:10:53.368993 7f395a5c41c0         Options.compression_opts.zstd_max_train_bytes: 0
2021/07/16-20:10:53.368996 7f395a5c41c0         Options.compression_opts.parallel_threads: 1
2021/07/16-20:10:53.369000 7f395a5c41c0                  Options.compression_opts.enabled: false
2021/07/16-20:10:53.369004 7f395a5c41c0      Options.level0_file_num_compaction_trigger: 4
2021/07/16-20:10:53.369008 7f395a5c41c0          Options.level0_slowdown_writes_trigger: 20
2021/07/16-20:10:53.369011 7f395a5c41c0              Options.level0_stop_writes_trigger: 36
2021/07/16-20:10:53.369014 7f395a5c41c0                   Options.target_file_size_base: 67108864
2021/07/16-20:10:53.369018 7f395a5c41c0             Options.target_file_size_multiplier: 1
2021/07/16-20:10:53.369021 7f395a5c41c0                Options.max_bytes_for_level_base: 268435456
2021/07/16-20:10:53.369025 7f395a5c41c0 Options.level_compaction_dynamic_level_bytes: 0
2021/07/16-20:10:53.369028 7f395a5c41c0          Options.max_bytes_for_level_multiplier: 10.000000
2021/07/16-20:10:53.369037 7f395a5c41c0 Options.max_bytes_for_level_multiplier_addtl[0]: 1
2021/07/16-20:10:53.369042 7f395a5c41c0 Options.max_bytes_for_level_multiplier_addtl[1]: 1
2021/07/16-20:10:53.369046 7f395a5c41c0 Options.max_bytes_for_level_multiplier_addtl[2]: 1
2021/07/16-20:10:53.369050 7f395a5c41c0 Options.max_bytes_for_level_multiplier_addtl[3]: 1
2021/07/16-20:10:53.369053 7f395a5c41c0 Options.max_bytes_for_level_multiplier_addtl[4]: 1
2021/07/16-20:10:53.369057 7f395a5c41c0 Options.max_bytes_for_level_multiplier_addtl[5]: 1
2021/07/16-20:10:53.369060 7f395a5c41c0 Options.max_bytes_for_level_multiplier_addtl[6]: 1
2021/07/16-20:10:53.369064 7f395a5c41c0       Options.max_sequential_skip_in_iterations: 8
2021/07/16-20:10:53.369067 7f395a5c41c0                    Options.max_compaction_bytes: 1677721600
2021/07/16-20:10:53.369071 7f395a5c41c0                        Options.arena_block_size: 8388608
2021/07/16-20:10:53.369074 7f395a5c41c0   Options.soft_pending_compaction_bytes_limit: 68719476736
2021/07/16-20:10:53.369078 7f395a5c41c0   Options.hard_pending_compaction_bytes_limit: 274877906944
2021/07/16-20:10:53.369081 7f395a5c41c0       Options.rate_limit_delay_max_milliseconds: 100
2021/07/16-20:10:53.369085 7f395a5c41c0                Options.disable_auto_compactions: 0
2021/07/16-20:10:53.369090 7f395a5c41c0                        Options.compaction_style: kCompactionStyleLevel
2021/07/16-20:10:53.369096 7f395a5c41c0                          Options.compaction_pri: kMinOverlappingRatio
2021/07/16-20:10:53.369100 7f395a5c41c0 Options.compaction_options_universal.size_ratio: 1
2021/07/16-20:10:53.369110 7f395a5c41c0 Options.compaction_options_universal.min_merge_width: 2
2021/07/16-20:10:53.369114 7f395a5c41c0 Options.compaction_options_universal.max_merge_width: 4294967295
2021/07/16-20:10:53.369117 7f395a5c41c0 Options.compaction_options_universal.max_size_amplification_percent: 200
2021/07/16-20:10:53.369119 7f395a5c41c0 Options.compaction_options_universal.compression_size_percent: -1
2021/07/16-20:10:53.369124 7f395a5c41c0 Options.compaction_options_universal.stop_style: kCompactionStopStyleTotalSize
2021/07/16-20:10:53.369126 7f395a5c41c0 Options.compaction_options_fifo.max_table_files_size: 1073741824
2021/07/16-20:10:53.369129 7f395a5c41c0 Options.compaction_options_fifo.allow_compaction: 0
2021/07/16-20:10:53.369138 7f395a5c41c0                   Options.table_properties_collectors: 
2021/07/16-20:10:53.369142 7f395a5c41c0                   Options.inplace_update_support: 0
2021/07/16-20:10:53.369144 7f395a5c41c0                 Options.inplace_update_num_locks: 10000
2021/07/16-20:10:53.369174 7f395a5c41c0               Options.memtable_prefix_bloom_size_ratio: 0.000000
2021/07/16-20:10:53.369181 7f395a5c41c0               Options.memtable_whole_key_filtering: 0
2021/07/16-20:10:53.369185 7f395a5c41c0   Options.memtable_huge_page_size: 0
2021/07/16-20:10:53.369188 7f395a5c41c0                           Options.bloom_locality: 0
2021/07/16-20:10:53.369190 7f395a5c41c0                    Options.max_successive_merges: 0
2021/07/16-20:10:53.369193 7f395a5c41c0                Options.optimize_filters_for_hits: 0
2021/07/16-20:10:53.369195 7f395a5c41c0                Options.paranoid_file_checks: 0
2021/07/16-20:10:53.369198 7f395a5c41c0                Options.force_consistency_checks: 0
2021/07/16-20:10:53.369200 7f395a5c41c0                Options.report_bg_io_stats: 0
2021/07/16-20:10:53.369203 7f395a5c41c0                               Options.ttl: 2592000
2021/07/16-20:10:53.369205 7f395a5c41c0          Options.periodic_compaction_seconds: 0
2021/07/16-20:10:53.371288 7f395a5c41c0 [db/version_set.cc:4708] Recovered from manifest file:/home/opa/ICP/ic-static-minimal/.dfx/state/replicated_state/node-100/ic_consensus_pool/consensus/MANIFEST-000001 succeeded,manifest_file_number is 1, next_file_number is 3, last_sequence is 0, log_number is 0,prev_log_number is 0,max_column_family is 0,min_log_number_to_keep is 0
2021/07/16-20:10:53.371310 7f395a5c41c0 [db/version_set.cc:4724] Column family [default] (ID 0), log number is 0
2021/07/16-20:10:53.371759 7f395a5c41c0 [db/version_set.cc:3949] Creating manifest 4
2021/07/16-20:10:53.379121 7f395a5c41c0 [db/column_family.cc:578] --------------- Options for column family [RB]:
2021/07/16-20:10:53.379134 7f395a5c41c0               Options.comparator: leveldb.BytewiseComparator
2021/07/16-20:10:53.379138 7f395a5c41c0           Options.merge_operator: None
2021/07/16-20:10:53.379142 7f395a5c41c0        Options.compaction_filter: filter_outdated
2021/07/16-20:10:53.379145 7f395a5c41c0        Options.compaction_filter_factory: None
2021/07/16-20:10:53.379147 7f395a5c41c0  Options.sst_partitioner_factory: None
2021/07/16-20:10:53.379150 7f395a5c41c0         Options.memtable_factory: SkipListFactory
2021/07/16-20:10:53.379153 7f395a5c41c0            Options.table_factory: BlockBasedTable
2021/07/16-20:10:53.379209 7f395a5c41c0            table_factory options:   flush_block_policy_factory: FlushBlockBySizePolicyFactory (0x7f395a008f28)
  cache_index_and_filter_blocks: 0
  cache_index_and_filter_blocks_with_high_priority: 1
  pin_l0_filter_and_index_blocks_in_cache: 0
  pin_top_level_index_and_filter: 1
  index_type: 0
  data_block_index_type: 0
  index_shortening: 1
  data_block_hash_table_util_ratio: 0.750000
  hash_index_allow_collision: 1
  checksum: 1
  no_block_cache: 0
  block_cache: 0x7f39585aab10
  block_cache_name: LRUCache
  block_cache_options:
    capacity : 8388608
    num_shard_bits : 4
    strict_capacity_limit : 0
    memory_allocator : None
    high_pri_pool_ratio: 0.000
  block_cache_compressed: (nil)
  persistent_cache: (nil)
  block_size: 4096
  block_size_deviation: 10
  block_restart_interval: 16
  index_block_restart_interval: 1
  metadata_block_size: 4096
  partition_filters: 0
  use_delta_encoding: 1
  filter_policy: nullptr
  whole_key_filtering: 1
  verify_compression: 0
  read_amp_bytes_per_bit: 0
  format_version: 4
  enable_index_compression: 1
  block_align: 0
2021/07/16-20:10:53.379229 7f395a5c41c0        Options.write_buffer_size: 67108864
2021/07/16-20:10:53.379233 7f395a5c41c0  Options.max_write_buffer_number: 2
2021/07/16-20:10:53.379237 7f395a5c41c0          Options.compression: NoCompression
2021/07/16-20:10:53.379240 7f395a5c41c0                  Options.bottommost_compression: Disabled
2021/07/16-20:10:53.379242 7f395a5c41c0       Options.prefix_extractor: nullptr
2021/07/16-20:10:53.379245 7f395a5c41c0   Options.memtable_insert_with_hint_prefix_extractor: nullptr
2021/07/16-20:10:53.379247 7f395a5c41c0             Options.num_levels: 7
2021/07/16-20:10:53.379250 7f395a5c41c0        Options.min_write_buffer_number_to_merge: 1
2021/07/16-20:10:53.379252 7f395a5c41c0     Options.max_write_buffer_number_to_maintain: 0
2021/07/16-20:10:53.379255 7f395a5c41c0     Options.max_write_buffer_size_to_maintain: 0
2021/07/16-20:10:53.379257 7f395a5c41c0            Options.bottommost_compression_opts.window_bits: -14
2021/07/16-20:10:53.379260 7f395a5c41c0                  Options.bottommost_compression_opts.level: 32767
2021/07/16-20:10:53.379263 7f395a5c41c0               Options.bottommost_compression_opts.strategy: 0
2021/07/16-20:10:53.379265 7f395a5c41c0         Options.bottommost_compression_opts.max_dict_bytes: 0
2021/07/16-20:10:53.379268 7f395a5c41c0         Options.bottommost_compression_opts.zstd_max_train_bytes: 0
2021/07/16-20:10:53.379271 7f395a5c41c0         Options.bottommost_compression_opts.parallel_threads: 1
2021/07/16-20:10:53.379273 7f395a5c41c0                  Options.bottommost_compression_opts.enabled: false
2021/07/16-20:10:53.379276 7f395a5c41c0            Options.compression_opts.window_bits: -14
2021/07/16-20:10:53.379279 7f395a5c41c0                  Options.compression_opts.level: 32767
2021/07/16-20:10:53.379281 7f395a5c41c0               Options.compression_opts.strategy: 0
2021/07/16-20:10:53.379284 7f395a5c41c0         Options.compression_opts.max_dict_bytes: 0
2021/07/16-20:10:53.379286 7f395a5c41c0         Options.compression_opts.zstd_max_train_bytes: 0
2021/07/16-20:10:53.379289 7f395a5c41c0         Options.compression_opts.parallel_threads: 1
2021/07/16-20:10:53.379291 7f395a5c41c0                  Options.compression_opts.enabled: false
2021/07/16-20:10:53.379328 7f395a5c41c0      Options.level0_file_num_compaction_trigger: 4
2021/07/16-20:10:53.379333 7f395a5c41c0          Options.level0_slowdown_writes_trigger: 20
2021/07/16-20:10:53.379336 7f395a5c41c0              Options.level0_stop_writes_trigger: 36
2021/07/16-20:10:53.379339 7f395a5c41c0                   Options.target_file_size_base: 67108864
2021/07/16-20:10:53.379342 7f395a5c41c0             Options.target_file_size_multiplier: 1
2021/07/16-20:10:53.379344 7f395a5c41c0                Options.max_bytes_for_level_base: 268435456
2021/07/16-20:10:53.379347 7f395a5c41c0 Options.level_compaction_dynamic_level_bytes: 0
2021/07/16-20:10:53.379350 7f395a5c41c0          Options.max_bytes_for_level_multiplier: 10.000000
2021/07/16-20:10:53.379356 7f395a5c41c0 Options.max_bytes_for_level_multiplier_addtl[0]: 1
2021/07/16-20:10:53.379360 7f395a5c41c0 Options.max_bytes_for_level_multiplier_addtl[1]: 1
2021/07/16-20:10:53.379363 7f395a5c41c0 Options.max_bytes_for_level_multiplier_addtl[2]: 1
2021/07/16-20:10:53.379365 7f395a5c41c0 Options.max_bytes_for_level_multiplier_addtl[3]: 1
2021/07/16-20:10:53.379368 7f395a5c41c0 Options.max_bytes_for_level_multiplier_addtl[4]: 1
2021/07/16-20:10:53.379371 7f395a5c41c0 Options.max_bytes_for_level_multiplier_addtl[5]: 1
2021/07/16-20:10:53.379373 7f395a5c41c0 Options.max_bytes_for_level_multiplier_addtl[6]: 1
2021/07/16-20:10:53.379376 7f395a5c41c0       Options.max_sequential_skip_in_iterations: 8
2021/07/16-20:10:53.379379 7f395a5c41c0                    Options.max_compaction_bytes: 1677721600
2021/07/16-20:10:53.379381 7f395a5c41c0                        Options.arena_block_size: 8388608
2021/07/16-20:10:53.379384 7f395a5c41c0   Options.soft_pending_compaction_bytes_limit: 68719476736
2021/07/16-20:10:53.379387 7f395a5c41c0   Options.hard_pending_compaction_bytes_limit: 274877906944
2021/07/16-20:10:53.379390 7f395a5c41c0       Options.rate_limit_delay_max_milliseconds: 100
2021/07/16-20:10:53.379392 7f395a5c41c0                Options.disable_auto_compactions: 1
2021/07/16-20:10:53.379396 7f395a5c41c0                        Options.compaction_style: kCompactionStyleLevel
2021/07/16-20:10:53.379400 7f395a5c41c0                          Options.compaction_pri: kMinOverlappingRatio
2021/07/16-20:10:53.379402 7f395a5c41c0 Options.compaction_options_universal.size_ratio: 1
2021/07/16-20:10:53.379405 7f395a5c41c0 Options.compaction_options_universal.min_merge_width: 2
2021/07/16-20:10:53.379407 7f395a5c41c0 Options.compaction_options_universal.max_merge_width: 4294967295
2021/07/16-20:10:53.379410 7f395a5c41c0 Options.compaction_options_universal.max_size_amplification_percent: 200
2021/07/16-20:10:53.379413 7f395a5c41c0 Options.compaction_options_universal.compression_size_percent: -1
2021/07/16-20:10:53.379416 7f395a5c41c0 Options.compaction_options_universal.stop_style: kCompactionStopStyleTotalSize
2021/07/16-20:10:53.379419 7f395a5c41c0 Options.compaction_options_fifo.max_table_files_size: 1073741824
2021/07/16-20:10:53.379421 7f395a5c41c0 Options.compaction_options_fifo.allow_compaction: 0
2021/07/16-20:10:53.379431 7f395a5c41c0                   Options.table_properties_collectors: 
2021/07/16-20:10:53.379435 7f395a5c41c0                   Options.inplace_update_support: 0
2021/07/16-20:10:53.379438 7f395a5c41c0                 Options.inplace_update_num_locks: 10000
2021/07/16-20:10:53.379440 7f395a5c41c0               Options.memtable_prefix_bloom_size_ratio: 0.000000
2021/07/16-20:10:53.379444 7f395a5c41c0               Options.memtable_whole_key_filtering: 0
2021/07/16-20:10:53.379447 7f395a5c41c0   Options.memtable_huge_page_size: 0
2021/07/16-20:10:53.379450 7f395a5c41c0                           Options.bloom_locality: 0
2021/07/16-20:10:53.379453 7f395a5c41c0                    Options.max_successive_merges: 0
2021/07/16-20:10:53.379455 7f395a5c41c0                Options.optimize_filters_for_hits: 0
2021/07/16-20:10:53.379458 7f395a5c41c0                Options.paranoid_file_checks: 0
2021/07/16-20:10:53.379460 7f395a5c41c0                Options.force_consistency_checks: 0
2021/07/16-20:10:53.379489 7f395a5c41c0                Options.report_bg_io_stats: 0
2021/07/16-20:10:53.379495 7f395a5c41c0                               Options.ttl: 2592000
2021/07/16-20:10:53.379498 7f395a5c41c0          Options.periodic_compaction_seconds: 2592000
2021/07/16-20:10:53.379614 7f395a5c41c0 [db/db_impl/db_impl.cc:2561] Created column family [RB] (ID 1)
2021/07/16-20:10:53.386151 7f395a5c41c0 [db/column_family.cc:578] --------------- Options for column family [FZ]:
2021/07/16-20:10:53.386166 7f395a5c41c0               Options.comparator: leveldb.BytewiseComparator
2021/07/16-20:10:53.386170 7f395a5c41c0           Options.merge_operator: None
2021/07/16-20:10:53.386173 7f395a5c41c0        Options.compaction_filter: filter_outdated
2021/07/16-20:10:53.386176 7f395a5c41c0        Options.compaction_filter_factory: None
2021/07/16-20:10:53.386178 7f395a5c41c0  Options.sst_partitioner_factory: None
2021/07/16-20:10:53.386181 7f395a5c41c0         Options.memtable_factory: SkipListFactory
2021/07/16-20:10:53.386184 7f395a5c41c0            Options.table_factory: BlockBasedTable
2021/07/16-20:10:53.386238 7f395a5c41c0            table_factory options:   flush_block_policy_factory: FlushBlockBySizePolicyFactory (0x7f395a008f40)
  cache_index_and_filter_blocks: 0
  cache_index_and_filter_blocks_with_high_priority: 1
  pin_l0_filter_and_index_blocks_in_cache: 0
  pin_top_level_index_and_filter: 1
  index_type: 0
  data_block_index_type: 0
  index_shortening: 1
  data_block_hash_table_util_ratio: 0.750000
  hash_index_allow_collision: 1
  checksum: 1
  no_block_cache: 0
  block_cache: 0x7f394ecf4390
  block_cache_name: LRUCache
  block_cache_options:
    capacity : 8388608
    num_shard_bits : 4
    strict_capacity_limit : 0
    memory_allocator : None
    high_pri_pool_ratio: 0.000
  block_cache_compressed: (nil)
  persistent_cache: (nil)
  block_size: 4096
  block_size_deviation: 10
  block_restart_interval: 16
  index_block_restart_interval: 1
  metadata_block_size: 4096
  partition_filters: 0
  use_delta_encoding: 1
  filter_policy: nullptr
  whole_key_filtering: 1
  verify_compression: 0
  read_amp_bytes_per_bit: 0
  format_version: 4
  enable_index_compression: 1
  block_align: 0
2021/07/16-20:10:53.386247 7f395a5c41c0        Options.write_buffer_size: 67108864
2021/07/16-20:10:53.386251 7f395a5c41c0  Options.max_write_buffer_number: 2
2021/07/16-20:10:53.386254 7f395a5c41c0          Options.compression: NoCompression
2021/07/16-20:10:53.386257 7f395a5c41c0                  Options.bottommost_compression: Disabled
2021/07/16-20:10:53.386260 7f395a5c41c0       Options.prefix_extractor: nullptr
2021/07/16-20:10:53.386262 7f395a5c41c0   Options.memtable_insert_with_hint_prefix_extractor: nullptr
2021/07/16-20:10:53.386265 7f395a5c41c0             Options.num_levels: 7
2021/07/16-20:10:53.386267 7f395a5c41c0        Options.min_write_buffer_number_to_merge: 1
2021/07/16-20:10:53.386270 7f395a5c41c0     Options.max_write_buffer_number_to_maintain: 0
2021/07/16-20:10:53.386272 7f395a5c41c0     Options.max_write_buffer_size_to_maintain: 0
2021/07/16-20:10:53.386275 7f395a5c41c0            Options.bottommost_compression_opts.window_bits: -14
2021/07/16-20:10:53.386278 7f395a5c41c0                  Options.bottommost_compression_opts.level: 32767
2021/07/16-20:10:53.386281 7f395a5c41c0               Options.bottommost_compression_opts.strategy: 0
2021/07/16-20:10:53.386283 7f395a5c41c0         Options.bottommost_compression_opts.max_dict_bytes: 0
2021/07/16-20:10:53.386286 7f395a5c41c0         Options.bottommost_compression_opts.zstd_max_train_bytes: 0
2021/07/16-20:10:53.386289 7f395a5c41c0         Options.bottommost_compression_opts.parallel_threads: 1
2021/07/16-20:10:53.386291 7f395a5c41c0                  Options.bottommost_compression_opts.enabled: false
2021/07/16-20:10:53.386294 7f395a5c41c0            Options.compression_opts.window_bits: -14
2021/07/16-20:10:53.386297 7f395a5c41c0                  Options.compression_opts.level: 32767
2021/07/16-20:10:53.386299 7f395a5c41c0               Options.compression_opts.strategy: 0
2021/07/16-20:10:53.386302 7f395a5c41c0         Options.compression_opts.max_dict_bytes: 0
2021/07/16-20:10:53.386304 7f395a5c41c0         Options.compression_opts.zstd_max_train_bytes: 0
2021/07/16-20:10:53.386307 7f395a5c41c0         Options.compression_opts.parallel_threads: 1
2021/07/16-20:10:53.386309 7f395a5c41c0                  Options.compression_opts.enabled: false
2021/07/16-20:10:53.386346 7f395a5c41c0      Options.level0_file_num_compaction_trigger: 4
2021/07/16-20:10:53.386352 7f395a5c41c0          Options.level0_slowdown_writes_trigger: 20
2021/07/16-20:10:53.386355 7f395a5c41c0              Options.level0_stop_writes_trigger: 36
2021/07/16-20:10:53.386358 7f395a5c41c0                   Options.target_file_size_base: 67108864
2021/07/16-20:10:53.386360 7f395a5c41c0             Options.target_file_size_multiplier: 1
2021/07/16-20:10:53.386363 7f395a5c41c0                Options.max_bytes_for_level_base: 268435456
2021/07/16-20:10:53.386366 7f395a5c41c0 Options.level_compaction_dynamic_level_bytes: 0
2021/07/16-20:10:53.386369 7f395a5c41c0          Options.max_bytes_for_level_multiplier: 10.000000
2021/07/16-20:10:53.386375 7f395a5c41c0 Options.max_bytes_for_level_multiplier_addtl[0]: 1
2021/07/16-20:10:53.386379 7f395a5c41c0 Options.max_bytes_for_level_multiplier_addtl[1]: 1
2021/07/16-20:10:53.386381 7f395a5c41c0 Options.max_bytes_for_level_multiplier_addtl[2]: 1
2021/07/16-20:10:53.386384 7f395a5c41c0 Options.max_bytes_for_level_multiplier_addtl[3]: 1
2021/07/16-20:10:53.386387 7f395a5c41c0 Options.max_bytes_for_level_multiplier_addtl[4]: 1
2021/07/16-20:10:53.386390 7f395a5c41c0 Options.max_bytes_for_level_multiplier_addtl[5]: 1
2021/07/16-20:10:53.386392 7f395a5c41c0 Options.max_bytes_for_level_multiplier_addtl[6]: 1
2021/07/16-20:10:53.386395 7f395a5c41c0       Options.max_sequential_skip_in_iterations: 8
2021/07/16-20:10:53.386398 7f395a5c41c0                    Options.max_compaction_bytes: 1677721600
2021/07/16-20:10:53.386400 7f395a5c41c0                        Options.arena_block_size: 8388608
2021/07/16-20:10:53.386403 7f395a5c41c0   Options.soft_pending_compaction_bytes_limit: 68719476736
2021/07/16-20:10:53.386406 7f395a5c41c0   Options.hard_pending_compaction_bytes_limit: 274877906944
2021/07/16-20:10:53.386408 7f395a5c41c0       Options.rate_limit_delay_max_milliseconds: 100
2021/07/16-20:10:53.386411 7f395a5c41c0                Options.disable_auto_compactions: 1
2021/07/16-20:10:53.386415 7f395a5c41c0                        Options.compaction_style: kCompactionStyleLevel
2021/07/16-20:10:53.386418 7f395a5c41c0                          Options.compaction_pri: kMinOverlappingRatio
2021/07/16-20:10:53.386421 7f395a5c41c0 Options.compaction_options_universal.size_ratio: 1
2021/07/16-20:10:53.386424 7f395a5c41c0 Options.compaction_options_universal.min_merge_width: 2
2021/07/16-20:10:53.386426 7f395a5c41c0 Options.compaction_options_universal.max_merge_width: 4294967295
2021/07/16-20:10:53.386429 7f395a5c41c0 Options.compaction_options_universal.max_size_amplification_percent: 200
2021/07/16-20:10:53.386431 7f395a5c41c0 Options.compaction_options_universal.compression_size_percent: -1
2021/07/16-20:10:53.386434 7f395a5c41c0 Options.compaction_options_universal.stop_style: kCompactionStopStyleTotalSize
2021/07/16-20:10:53.386437 7f395a5c41c0 Options.compaction_options_fifo.max_table_files_size: 1073741824
2021/07/16-20:10:53.386440 7f395a5c41c0 Options.compaction_options_fifo.allow_compaction: 0
2021/07/16-20:10:53.386449 7f395a5c41c0                   Options.table_properties_collectors: 
2021/07/16-20:10:53.386453 7f395a5c41c0                   Options.inplace_update_support: 0
2021/07/16-20:10:53.386455 7f395a5c41c0                 Options.inplace_update_num_locks: 10000
2021/07/16-20:10:53.386458 7f395a5c41c0               Options.memtable_prefix_bloom_size_ratio: 0.000000
2021/07/16-20:10:53.386462 7f395a5c41c0               Options.memtable_whole_key_filtering: 0
2021/07/16-20:10:53.386465 7f395a5c41c0   Options.memtable_huge_page_size: 0
2021/07/16-20:10:53.386468 7f395a5c41c0                           Options.bloom_locality: 0
2021/07/16-20:10:53.386470 7f395a5c41c0                    Options.max_successive_merges: 0
2021/07/16-20:10:53.386473 7f395a5c41c0                Options.optimize_filters_for_hits: 0
2021/07/16-20:10:53.386475 7f395a5c41c0                Options.paranoid_file_checks: 0
2021/07/16-20:10:53.386478 7f395a5c41c0                Options.force_consistency_checks: 0
2021/07/16-20:10:53.386506 7f395a5c41c0                Options.report_bg_io_stats: 0
2021/07/16-20:10:53.386512 7f395a5c41c0                               Options.ttl: 2592000
2021/07/16-20:10:53.386515 7f395a5c41c0          Options.periodic_compaction_seconds: 2592000
2021/07/16-20:10:53.386616 7f395a5c41c0 [db/db_impl/db_impl.cc:2561] Created column family [FZ] (ID 2)
2021/07/16-20:10:53.393750 7f395a5c41c0 [db/column_family.cc:578] --------------- Options for column family [NZ]:
2021/07/16-20:10:53.393766 7f395a5c41c0               Options.comparator: leveldb.BytewiseComparator
2021/07/16-20:10:53.393770 7f395a5c41c0           Options.merge_operator: None
2021/07/16-20:10:53.393774 7f395a5c41c0        Options.compaction_filter: filter_outdated
2021/07/16-20:10:53.393777 7f395a5c41c0        Options.compaction_filter_factory: None
2021/07/16-20:10:53.393780 7f395a5c41c0  Options.sst_partitioner_factory: None
2021/07/16-20:10:53.393782 7f395a5c41c0         Options.memtable_factory: SkipListFactory
2021/07/16-20:10:53.393785 7f395a5c41c0            Options.table_factory: BlockBasedTable
2021/07/16-20:10:53.393839 7f395a5c41c0            table_factory options:   flush_block_policy_factory: FlushBlockBySizePolicyFactory (0x7f395a008f58)
  cache_index_and_filter_blocks: 0
  cache_index_and_filter_blocks_with_high_priority: 1
  pin_l0_filter_and_index_blocks_in_cache: 0
  pin_top_level_index_and_filter: 1
  index_type: 0
  data_block_index_type: 0
  index_shortening: 1
  data_block_hash_table_util_ratio: 0.750000
  hash_index_allow_collision: 1
  checksum: 1
  no_block_cache: 0
  block_cache: 0x7f394ecf4c10
  block_cache_name: LRUCache
  block_cache_options:
    capacity : 8388608
    num_shard_bits : 4
    strict_capacity_limit : 0
    memory_allocator : None
    high_pri_pool_ratio: 0.000
  block_cache_compressed: (nil)
  persistent_cache: (nil)
  block_size: 4096
  block_size_deviation: 10
  block_restart_interval: 16
  index_block_restart_interval: 1
  metadata_block_size: 4096
  partition_filters: 0
  use_delta_encoding: 1
  filter_policy: nullptr
  whole_key_filtering: 1
  verify_compression: 0
  read_amp_bytes_per_bit: 0
  format_version: 4
  enable_index_compression: 1
  block_align: 0
2021/07/16-20:10:53.393848 7f395a5c41c0        Options.write_buffer_size: 67108864
2021/07/16-20:10:53.393852 7f395a5c41c0  Options.max_write_buffer_number: 2
2021/07/16-20:10:53.393856 7f395a5c41c0          Options.compression: NoCompression
2021/07/16-20:10:53.393858 7f395a5c41c0                  Options.bottommost_compression: Disabled
2021/07/16-20:10:53.393861 7f395a5c41c0       Options.prefix_extractor: nullptr
2021/07/16-20:10:53.393864 7f395a5c41c0   Options.memtable_insert_with_hint_prefix_extractor: nullptr
2021/07/16-20:10:53.393866 7f395a5c41c0             Options.num_levels: 7
2021/07/16-20:10:53.393869 7f395a5c41c0        Options.min_write_buffer_number_to_merge: 1
2021/07/16-20:10:53.393871 7f395a5c41c0     Options.max_write_buffer_number_to_maintain: 0
2021/07/16-20:10:53.393874 7f395a5c41c0     Options.max_write_buffer_size_to_maintain: 0
2021/07/16-20:10:53.393877 7f395a5c41c0            Options.bottommost_compression_opts.window_bits: -14
2021/07/16-20:10:53.393880 7f395a5c41c0                  Options.bottommost_compression_opts.level: 32767
2021/07/16-20:10:53.393882 7f395a5c41c0               Options.bottommost_compression_opts.strategy: 0
2021/07/16-20:10:53.393885 7f395a5c41c0         Options.bottommost_compression_opts.max_dict_bytes: 0
2021/07/16-20:10:53.393888 7f395a5c41c0         Options.bottommost_compression_opts.zstd_max_train_bytes: 0
2021/07/16-20:10:53.393890 7f395a5c41c0         Options.bottommost_compression_opts.parallel_threads: 1
2021/07/16-20:10:53.393893 7f395a5c41c0                  Options.bottommost_compression_opts.enabled: false
2021/07/16-20:10:53.393896 7f395a5c41c0            Options.compression_opts.window_bits: -14
2021/07/16-20:10:53.393898 7f395a5c41c0                  Options.compression_opts.level: 32767
2021/07/16-20:10:53.393901 7f395a5c41c0               Options.compression_opts.strategy: 0
2021/07/16-20:10:53.393903 7f395a5c41c0         Options.compression_opts.max_dict_bytes: 0
2021/07/16-20:10:53.393906 7f395a5c41c0         Options.compression_opts.zstd_max_train_bytes: 0
2021/07/16-20:10:53.393908 7f395a5c41c0         Options.compression_opts.parallel_threads: 1
2021/07/16-20:10:53.393911 7f395a5c41c0                  Options.compression_opts.enabled: false
2021/07/16-20:10:53.393947 7f395a5c41c0      Options.level0_file_num_compaction_trigger: 4
2021/07/16-20:10:53.393952 7f395a5c41c0          Options.level0_slowdown_writes_trigger: 20
2021/07/16-20:10:53.393955 7f395a5c41c0              Options.level0_stop_writes_trigger: 36
2021/07/16-20:10:53.393958 7f395a5c41c0                   Options.target_file_size_base: 67108864
2021/07/16-20:10:53.393961 7f395a5c41c0             Options.target_file_size_multiplier: 1
2021/07/16-20:10:53.393963 7f395a5c41c0                Options.max_bytes_for_level_base: 268435456
