2021/07/16-20:10:53.519348 7f395a5c41c0 RocksDB version: 6.12.7
2021/07/16-20:10:53.519461 7f395a5c41c0 Git sha rocksdb_build_git_sha:@0@
2021/07/16-20:10:53.519468 7f395a5c41c0 Compile date Jan  1 1980
2021/07/16-20:10:53.519613 7f395a5c41c0 DB SUMMARY
2021/07/16-20:10:53.519619 7f395a5c41c0 DB Session ID:  QNE78CTH52G4WUSYJ3JS
2021/07/16-20:10:53.519690 7f395a5c41c0 SST files in /home/opa/ICP/ic-static-minimal/.dfx/state/replicated_state/node-100/ic_consensus_pool/certification dir, Total Num: 0, files: 
2021/07/16-20:10:53.519697 7f395a5c41c0 Write Ahead Log file in /home/opa/ICP/ic-static-minimal/.dfx/state/replicated_state/node-100/ic_consensus_pool/certification: 
2021/07/16-20:10:53.519702 7f395a5c41c0                         Options.error_if_exists: 0
2021/07/16-20:10:53.519705 7f395a5c41c0                       Options.create_if_missing: 1
2021/07/16-20:10:53.519708 7f395a5c41c0                         Options.paranoid_checks: 1
2021/07/16-20:10:53.519711 7f395a5c41c0                                     Options.env: 0x560de0b23ba0
2021/07/16-20:10:53.519714 7f395a5c41c0                                      Options.fs: Posix File System
2021/07/16-20:10:53.519716 7f395a5c41c0                                Options.info_log: 0x7f394ee29b60
2021/07/16-20:10:53.519719 7f395a5c41c0                Options.max_file_opening_threads: 16
2021/07/16-20:10:53.519722 7f395a5c41c0                              Options.statistics: (nil)
2021/07/16-20:10:53.519724 7f395a5c41c0                               Options.use_fsync: 1
2021/07/16-20:10:53.519727 7f395a5c41c0                       Options.max_log_file_size: 0
2021/07/16-20:10:53.519730 7f395a5c41c0                  Options.max_manifest_file_size: 1073741824
2021/07/16-20:10:53.519732 7f395a5c41c0                   Options.log_file_time_to_roll: 0
2021/07/16-20:10:53.519735 7f395a5c41c0                       Options.keep_log_file_num: 1000
2021/07/16-20:10:53.519738 7f395a5c41c0                    Options.recycle_log_file_num: 0
2021/07/16-20:10:53.519740 7f395a5c41c0                         Options.allow_fallocate: 1
2021/07/16-20:10:53.519743 7f395a5c41c0                        Options.allow_mmap_reads: 0
2021/07/16-20:10:53.519746 7f395a5c41c0                       Options.allow_mmap_writes: 0
2021/07/16-20:10:53.519748 7f395a5c41c0                        Options.use_direct_reads: 0
2021/07/16-20:10:53.519751 7f395a5c41c0                        Options.use_direct_io_for_flush_and_compaction: 0
2021/07/16-20:10:53.519753 7f395a5c41c0          Options.create_missing_column_families: 1
2021/07/16-20:10:53.519756 7f395a5c41c0                              Options.db_log_dir: 
2021/07/16-20:10:53.519758 7f395a5c41c0                                 Options.wal_dir: /home/opa/ICP/ic-static-minimal/.dfx/state/replicated_state/node-100/ic_consensus_pool/certification
2021/07/16-20:10:53.519761 7f395a5c41c0                Options.table_cache_numshardbits: 6
2021/07/16-20:10:53.519764 7f395a5c41c0                         Options.WAL_ttl_seconds: 0
2021/07/16-20:10:53.519766 7f395a5c41c0                       Options.WAL_size_limit_MB: 0
2021/07/16-20:10:53.519769 7f395a5c41c0                        Options.max_write_batch_group_size_bytes: 1048576
2021/07/16-20:10:53.519772 7f395a5c41c0             Options.manifest_preallocation_size: 4194304
2021/07/16-20:10:53.519774 7f395a5c41c0                     Options.is_fd_close_on_exec: 1
2021/07/16-20:10:53.519777 7f395a5c41c0                   Options.advise_random_on_open: 1
2021/07/16-20:10:53.519779 7f395a5c41c0                    Options.db_write_buffer_size: 0
2021/07/16-20:10:53.519782 7f395a5c41c0                    Options.write_buffer_manager: 0x7f395a0b1080
2021/07/16-20:10:53.519785 7f395a5c41c0         Options.access_hint_on_compaction_start: 1
2021/07/16-20:10:53.519787 7f395a5c41c0  Options.new_table_reader_for_compaction_inputs: 0
2021/07/16-20:10:53.519790 7f395a5c41c0           Options.random_access_max_buffer_size: 1048576
2021/07/16-20:10:53.519792 7f395a5c41c0                      Options.use_adaptive_mutex: 0
2021/07/16-20:10:53.519795 7f395a5c41c0                            Options.rate_limiter: (nil)
2021/07/16-20:10:53.519828 7f395a5c41c0     Options.sst_file_manager.rate_bytes_per_sec: 0
2021/07/16-20:10:53.519834 7f395a5c41c0                       Options.wal_recovery_mode: 2
2021/07/16-20:10:53.519837 7f395a5c41c0                  Options.enable_thread_tracking: 0
2021/07/16-20:10:53.519839 7f395a5c41c0                  Options.enable_pipelined_write: 0
2021/07/16-20:10:53.519842 7f395a5c41c0                  Options.unordered_write: 0
2021/07/16-20:10:53.519845 7f395a5c41c0         Options.allow_concurrent_memtable_write: 1
2021/07/16-20:10:53.519847 7f395a5c41c0      Options.enable_write_thread_adaptive_yield: 1
2021/07/16-20:10:53.519850 7f395a5c41c0             Options.write_thread_max_yield_usec: 100
2021/07/16-20:10:53.519852 7f395a5c41c0            Options.write_thread_slow_yield_usec: 3
2021/07/16-20:10:53.519855 7f395a5c41c0                               Options.row_cache: None
2021/07/16-20:10:53.519858 7f395a5c41c0                              Options.wal_filter: None
2021/07/16-20:10:53.519861 7f395a5c41c0             Options.avoid_flush_during_recovery: 0
2021/07/16-20:10:53.519863 7f395a5c41c0             Options.allow_ingest_behind: 0
2021/07/16-20:10:53.519866 7f395a5c41c0             Options.preserve_deletes: 0
2021/07/16-20:10:53.519869 7f395a5c41c0             Options.two_write_queues: 0
2021/07/16-20:10:53.519871 7f395a5c41c0             Options.manual_wal_flush: 0
2021/07/16-20:10:53.519874 7f395a5c41c0             Options.atomic_flush: 0
2021/07/16-20:10:53.519876 7f395a5c41c0             Options.avoid_unnecessary_blocking_io: 0
2021/07/16-20:10:53.519879 7f395a5c41c0                 Options.persist_stats_to_disk: 0
2021/07/16-20:10:53.519882 7f395a5c41c0                 Options.write_dbid_to_manifest: 0
2021/07/16-20:10:53.519884 7f395a5c41c0                 Options.log_readahead_size: 0
2021/07/16-20:10:53.519887 7f395a5c41c0                 Options.file_checksum_gen_factory: Unknown
2021/07/16-20:10:53.519890 7f395a5c41c0                 Options.best_efforts_recovery: 0
2021/07/16-20:10:53.519892 7f395a5c41c0                Options.max_bgerror_resume_count: 2147483647
2021/07/16-20:10:53.519895 7f395a5c41c0            Options.bgerror_resume_retry_interval: 1000000
2021/07/16-20:10:53.519898 7f395a5c41c0             Options.max_background_jobs: 2
2021/07/16-20:10:53.519901 7f395a5c41c0             Options.max_background_compactions: -1
2021/07/16-20:10:53.519903 7f395a5c41c0             Options.max_subcompactions: 1
2021/07/16-20:10:53.519906 7f395a5c41c0             Options.avoid_flush_during_shutdown: 0
2021/07/16-20:10:53.519909 7f395a5c41c0           Options.writable_file_max_buffer_size: 1048576
2021/07/16-20:10:53.519911 7f395a5c41c0             Options.delayed_write_rate : 16777216
2021/07/16-20:10:53.519914 7f395a5c41c0             Options.max_total_wal_size: 0
2021/07/16-20:10:53.519917 7f395a5c41c0             Options.delete_obsolete_files_period_micros: 21600000000
2021/07/16-20:10:53.519919 7f395a5c41c0                   Options.stats_dump_period_sec: 600
2021/07/16-20:10:53.519922 7f395a5c41c0                 Options.stats_persist_period_sec: 600
2021/07/16-20:10:53.519925 7f395a5c41c0                 Options.stats_history_buffer_size: 1048576
2021/07/16-20:10:53.519927 7f395a5c41c0                          Options.max_open_files: -1
2021/07/16-20:10:53.519930 7f395a5c41c0                          Options.bytes_per_sync: 0
2021/07/16-20:10:53.519933 7f395a5c41c0                      Options.wal_bytes_per_sync: 0
2021/07/16-20:10:53.519935 7f395a5c41c0                   Options.strict_bytes_per_sync: 0
2021/07/16-20:10:53.519938 7f395a5c41c0       Options.compaction_readahead_size: 0
2021/07/16-20:10:53.519941 7f395a5c41c0                  Options.max_background_flushes: -1
2021/07/16-20:10:53.519944 7f395a5c41c0 Compression algorithms supported:
2021/07/16-20:10:53.519947 7f395a5c41c0 	kZSTDNotFinalCompression supported: 1
2021/07/16-20:10:53.519950 7f395a5c41c0 	kZSTD supported: 1
2021/07/16-20:10:53.519953 7f395a5c41c0 	kXpressCompression supported: 0
2021/07/16-20:10:53.519982 7f395a5c41c0 	kLZ4HCCompression supported: 1
2021/07/16-20:10:53.519987 7f395a5c41c0 	kLZ4Compression supported: 1
2021/07/16-20:10:53.519990 7f395a5c41c0 	kBZip2Compression supported: 1
2021/07/16-20:10:53.519993 7f395a5c41c0 	kZlibCompression supported: 1
2021/07/16-20:10:53.519996 7f395a5c41c0 	kSnappyCompression supported: 1
2021/07/16-20:10:53.520001 7f395a5c41c0 Fast CRC32 supported: Supported on x86
2021/07/16-20:10:53.523187 7f395a5c41c0 [db/db_impl/db_impl_open.cc:271] Creating manifest 1 
2021/07/16-20:10:53.530762 7f395a5c41c0 [db/version_set.cc:4559] Recovering from manifest file: /home/opa/ICP/ic-static-minimal/.dfx/state/replicated_state/node-100/ic_consensus_pool/certification/MANIFEST-000001
2021/07/16-20:10:53.531139 7f395a5c41c0 [db/column_family.cc:578] --------------- Options for column family [default]:
2021/07/16-20:10:53.531148 7f395a5c41c0               Options.comparator: leveldb.BytewiseComparator
2021/07/16-20:10:53.531151 7f395a5c41c0           Options.merge_operator: None
2021/07/16-20:10:53.531154 7f395a5c41c0        Options.compaction_filter: None
2021/07/16-20:10:53.531157 7f395a5c41c0        Options.compaction_filter_factory: None
2021/07/16-20:10:53.531159 7f395a5c41c0  Options.sst_partitioner_factory: None
2021/07/16-20:10:53.531162 7f395a5c41c0         Options.memtable_factory: SkipListFactory
2021/07/16-20:10:53.531165 7f395a5c41c0            Options.table_factory: BlockBasedTable
2021/07/16-20:10:53.531227 7f395a5c41c0            table_factory options:   flush_block_policy_factory: FlushBlockBySizePolicyFactory (0x7f394ecf8bb8)
  cache_index_and_filter_blocks: 0
  cache_index_and_filter_blocks_with_high_priority: 1
  pin_l0_filter_and_index_blocks_in_cache: 0
  pin_top_level_index_and_filter: 1
  index_type: 0
  data_block_index_type: 0
  index_shortening: 1
  data_block_hash_table_util_ratio: 0.750000
  hash_index_allow_collision: 1
  checksum: 1
  no_block_cache: 0
  block_cache: 0x7f395a137010
  block_cache_name: LRUCache
  block_cache_options:
    capacity : 8388608
    num_shard_bits : 4
    strict_capacity_limit : 0
    memory_allocator : None
    high_pri_pool_ratio: 0.000
  block_cache_compressed: (nil)
  persistent_cache: (nil)
  block_size: 4096
  block_size_deviation: 10
  block_restart_interval: 16
  index_block_restart_interval: 1
  metadata_block_size: 4096
  partition_filters: 0
  use_delta_encoding: 1
  filter_policy: nullptr
  whole_key_filtering: 1
  verify_compression: 0
  read_amp_bytes_per_bit: 0
  format_version: 4
  enable_index_compression: 1
  block_align: 0
2021/07/16-20:10:53.531238 7f395a5c41c0        Options.write_buffer_size: 67108864
2021/07/16-20:10:53.531242 7f395a5c41c0  Options.max_write_buffer_number: 2
2021/07/16-20:10:53.531245 7f395a5c41c0          Options.compression: Snappy
2021/07/16-20:10:53.531248 7f395a5c41c0                  Options.bottommost_compression: Disabled
2021/07/16-20:10:53.531250 7f395a5c41c0       Options.prefix_extractor: nullptr
2021/07/16-20:10:53.531253 7f395a5c41c0   Options.memtable_insert_with_hint_prefix_extractor: nullptr
2021/07/16-20:10:53.531256 7f395a5c41c0             Options.num_levels: 7
2021/07/16-20:10:53.531258 7f395a5c41c0        Options.min_write_buffer_number_to_merge: 1
2021/07/16-20:10:53.531261 7f395a5c41c0     Options.max_write_buffer_number_to_maintain: 0
2021/07/16-20:10:53.531263 7f395a5c41c0     Options.max_write_buffer_size_to_maintain: 0
2021/07/16-20:10:53.531266 7f395a5c41c0            Options.bottommost_compression_opts.window_bits: -14
2021/07/16-20:10:53.531269 7f395a5c41c0                  Options.bottommost_compression_opts.level: 32767
2021/07/16-20:10:53.531272 7f395a5c41c0               Options.bottommost_compression_opts.strategy: 0
2021/07/16-20:10:53.531274 7f395a5c41c0         Options.bottommost_compression_opts.max_dict_bytes: 0
2021/07/16-20:10:53.531277 7f395a5c41c0         Options.bottommost_compression_opts.zstd_max_train_bytes: 0
2021/07/16-20:10:53.531280 7f395a5c41c0         Options.bottommost_compression_opts.parallel_threads: 1
2021/07/16-20:10:53.531282 7f395a5c41c0                  Options.bottommost_compression_opts.enabled: false
2021/07/16-20:10:53.531333 7f395a5c41c0            Options.compression_opts.window_bits: -14
2021/07/16-20:10:53.531339 7f395a5c41c0                  Options.compression_opts.level: 32767
2021/07/16-20:10:53.531342 7f395a5c41c0               Options.compression_opts.strategy: 0
2021/07/16-20:10:53.531344 7f395a5c41c0         Options.compression_opts.max_dict_bytes: 0
2021/07/16-20:10:53.531347 7f395a5c41c0         Options.compression_opts.zstd_max_train_bytes: 0
2021/07/16-20:10:53.531350 7f395a5c41c0         Options.compression_opts.parallel_threads: 1
2021/07/16-20:10:53.531352 7f395a5c41c0                  Options.compression_opts.enabled: false
2021/07/16-20:10:53.531355 7f395a5c41c0      Options.level0_file_num_compaction_trigger: 4
2021/07/16-20:10:53.531358 7f395a5c41c0          Options.level0_slowdown_writes_trigger: 20
2021/07/16-20:10:53.531360 7f395a5c41c0              Options.level0_stop_writes_trigger: 36
2021/07/16-20:10:53.531363 7f395a5c41c0                   Options.target_file_size_base: 67108864
2021/07/16-20:10:53.531365 7f395a5c41c0             Options.target_file_size_multiplier: 1
2021/07/16-20:10:53.531368 7f395a5c41c0                Options.max_bytes_for_level_base: 268435456
2021/07/16-20:10:53.531371 7f395a5c41c0 Options.level_compaction_dynamic_level_bytes: 0
2021/07/16-20:10:53.531373 7f395a5c41c0          Options.max_bytes_for_level_multiplier: 10.000000
2021/07/16-20:10:53.531380 7f395a5c41c0 Options.max_bytes_for_level_multiplier_addtl[0]: 1
2021/07/16-20:10:53.531383 7f395a5c41c0 Options.max_bytes_for_level_multiplier_addtl[1]: 1
2021/07/16-20:10:53.531386 7f395a5c41c0 Options.max_bytes_for_level_multiplier_addtl[2]: 1
2021/07/16-20:10:53.531389 7f395a5c41c0 Options.max_bytes_for_level_multiplier_addtl[3]: 1
2021/07/16-20:10:53.531392 7f395a5c41c0 Options.max_bytes_for_level_multiplier_addtl[4]: 1
2021/07/16-20:10:53.531394 7f395a5c41c0 Options.max_bytes_for_level_multiplier_addtl[5]: 1
2021/07/16-20:10:53.531397 7f395a5c41c0 Options.max_bytes_for_level_multiplier_addtl[6]: 1
2021/07/16-20:10:53.531400 7f395a5c41c0       Options.max_sequential_skip_in_iterations: 8
2021/07/16-20:10:53.531402 7f395a5c41c0                    Options.max_compaction_bytes: 1677721600
2021/07/16-20:10:53.531405 7f395a5c41c0                        Options.arena_block_size: 8388608
2021/07/16-20:10:53.531408 7f395a5c41c0   Options.soft_pending_compaction_bytes_limit: 68719476736
2021/07/16-20:10:53.531410 7f395a5c41c0   Options.hard_pending_compaction_bytes_limit: 274877906944
2021/07/16-20:10:53.531413 7f395a5c41c0       Options.rate_limit_delay_max_milliseconds: 100
2021/07/16-20:10:53.531416 7f395a5c41c0                Options.disable_auto_compactions: 0
2021/07/16-20:10:53.531419 7f395a5c41c0                        Options.compaction_style: kCompactionStyleLevel
2021/07/16-20:10:53.531423 7f395a5c41c0                          Options.compaction_pri: kMinOverlappingRatio
2021/07/16-20:10:53.531425 7f395a5c41c0 Options.compaction_options_universal.size_ratio: 1
2021/07/16-20:10:53.531428 7f395a5c41c0 Options.compaction_options_universal.min_merge_width: 2
2021/07/16-20:10:53.531431 7f395a5c41c0 Options.compaction_options_universal.max_merge_width: 4294967295
2021/07/16-20:10:53.531433 7f395a5c41c0 Options.compaction_options_universal.max_size_amplification_percent: 200
2021/07/16-20:10:53.531436 7f395a5c41c0 Options.compaction_options_universal.compression_size_percent: -1
2021/07/16-20:10:53.531439 7f395a5c41c0 Options.compaction_options_universal.stop_style: kCompactionStopStyleTotalSize
2021/07/16-20:10:53.531442 7f395a5c41c0 Options.compaction_options_fifo.max_table_files_size: 1073741824
2021/07/16-20:10:53.531445 7f395a5c41c0 Options.compaction_options_fifo.allow_compaction: 0
2021/07/16-20:10:53.531454 7f395a5c41c0                   Options.table_properties_collectors: 
2021/07/16-20:10:53.531458 7f395a5c41c0                   Options.inplace_update_support: 0
2021/07/16-20:10:53.531461 7f395a5c41c0                 Options.inplace_update_num_locks: 10000
2021/07/16-20:10:53.531490 7f395a5c41c0               Options.memtable_prefix_bloom_size_ratio: 0.000000
2021/07/16-20:10:53.531498 7f395a5c41c0               Options.memtable_whole_key_filtering: 0
2021/07/16-20:10:53.531501 7f395a5c41c0   Options.memtable_huge_page_size: 0
2021/07/16-20:10:53.531504 7f395a5c41c0                           Options.bloom_locality: 0
2021/07/16-20:10:53.531506 7f395a5c41c0                    Options.max_successive_merges: 0
2021/07/16-20:10:53.531509 7f395a5c41c0                Options.optimize_filters_for_hits: 0
2021/07/16-20:10:53.531511 7f395a5c41c0                Options.paranoid_file_checks: 0
2021/07/16-20:10:53.531514 7f395a5c41c0                Options.force_consistency_checks: 0
2021/07/16-20:10:53.531516 7f395a5c41c0                Options.report_bg_io_stats: 0
2021/07/16-20:10:53.531519 7f395a5c41c0                               Options.ttl: 2592000
2021/07/16-20:10:53.531522 7f395a5c41c0          Options.periodic_compaction_seconds: 0
2021/07/16-20:10:53.533522 7f395a5c41c0 [db/version_set.cc:4708] Recovered from manifest file:/home/opa/ICP/ic-static-minimal/.dfx/state/replicated_state/node-100/ic_consensus_pool/certification/MANIFEST-000001 succeeded,manifest_file_number is 1, next_file_number is 3, last_sequence is 0, log_number is 0,prev_log_number is 0,max_column_family is 0,min_log_number_to_keep is 0
2021/07/16-20:10:53.533543 7f395a5c41c0 [db/version_set.cc:4724] Column family [default] (ID 0), log number is 0
2021/07/16-20:10:53.533966 7f395a5c41c0 [db/version_set.cc:3949] Creating manifest 4
2021/07/16-20:10:53.541508 7f395a5c41c0 [db/column_family.cc:578] --------------- Options for column family [CE]:
2021/07/16-20:10:53.541521 7f395a5c41c0               Options.comparator: leveldb.BytewiseComparator
2021/07/16-20:10:53.541525 7f395a5c41c0           Options.merge_operator: None
2021/07/16-20:10:53.541529 7f395a5c41c0        Options.compaction_filter: filter_outdated
2021/07/16-20:10:53.541532 7f395a5c41c0        Options.compaction_filter_factory: None
2021/07/16-20:10:53.541534 7f395a5c41c0  Options.sst_partitioner_factory: None
2021/07/16-20:10:53.541537 7f395a5c41c0         Options.memtable_factory: SkipListFactory
2021/07/16-20:10:53.541540 7f395a5c41c0            Options.table_factory: BlockBasedTable
2021/07/16-20:10:53.541603 7f395a5c41c0            table_factory options:   flush_block_policy_factory: FlushBlockBySizePolicyFactory (0x7f394ecf8b80)
  cache_index_and_filter_blocks: 0
  cache_index_and_filter_blocks_with_high_priority: 1
  pin_l0_filter_and_index_blocks_in_cache: 0
  pin_top_level_index_and_filter: 1
  index_type: 0
  data_block_index_type: 0
  index_shortening: 1
  data_block_hash_table_util_ratio: 0.750000
  hash_index_allow_collision: 1
  checksum: 1
  no_block_cache: 0
  block_cache: 0x7f395a137610
  block_cache_name: LRUCache
  block_cache_options:
    capacity : 8388608
    num_shard_bits : 4
    strict_capacity_limit : 0
    memory_allocator : None
    high_pri_pool_ratio: 0.000
  block_cache_compressed: (nil)
  persistent_cache: (nil)
  block_size: 4096
  block_size_deviation: 10
  block_restart_interval: 16
  index_block_restart_interval: 1
  metadata_block_size: 4096
  partition_filters: 0
  use_delta_encoding: 1
  filter_policy: nullptr
  whole_key_filtering: 1
  verify_compression: 0
  read_amp_bytes_per_bit: 0
  format_version: 4
  enable_index_compression: 1
  block_align: 0
2021/07/16-20:10:53.541624 7f395a5c41c0        Options.write_buffer_size: 67108864
2021/07/16-20:10:53.541629 7f395a5c41c0  Options.max_write_buffer_number: 2
2021/07/16-20:10:53.541632 7f395a5c41c0          Options.compression: NoCompression
2021/07/16-20:10:53.541635 7f395a5c41c0                  Options.bottommost_compression: Disabled
2021/07/16-20:10:53.541638 7f395a5c41c0       Options.prefix_extractor: nullptr
2021/07/16-20:10:53.541640 7f395a5c41c0   Options.memtable_insert_with_hint_prefix_extractor: nullptr
2021/07/16-20:10:53.541643 7f395a5c41c0             Options.num_levels: 7
2021/07/16-20:10:53.541645 7f395a5c41c0        Options.min_write_buffer_number_to_merge: 1
2021/07/16-20:10:53.541648 7f395a5c41c0     Options.max_write_buffer_number_to_maintain: 0
2021/07/16-20:10:53.541651 7f395a5c41c0     Options.max_write_buffer_size_to_maintain: 0
2021/07/16-20:10:53.541653 7f395a5c41c0            Options.bottommost_compression_opts.window_bits: -14
2021/07/16-20:10:53.541656 7f395a5c41c0                  Options.bottommost_compression_opts.level: 32767
2021/07/16-20:10:53.541659 7f395a5c41c0               Options.bottommost_compression_opts.strategy: 0
2021/07/16-20:10:53.541661 7f395a5c41c0         Options.bottommost_compression_opts.max_dict_bytes: 0
2021/07/16-20:10:53.541664 7f395a5c41c0         Options.bottommost_compression_opts.zstd_max_train_bytes: 0
2021/07/16-20:10:53.541667 7f395a5c41c0         Options.bottommost_compression_opts.parallel_threads: 1
2021/07/16-20:10:53.541669 7f395a5c41c0                  Options.bottommost_compression_opts.enabled: false
2021/07/16-20:10:53.541672 7f395a5c41c0            Options.compression_opts.window_bits: -14
2021/07/16-20:10:53.541674 7f395a5c41c0                  Options.compression_opts.level: 32767
2021/07/16-20:10:53.541677 7f395a5c41c0               Options.compression_opts.strategy: 0
2021/07/16-20:10:53.541680 7f395a5c41c0         Options.compression_opts.max_dict_bytes: 0
2021/07/16-20:10:53.541682 7f395a5c41c0         Options.compression_opts.zstd_max_train_bytes: 0
2021/07/16-20:10:53.541685 7f395a5c41c0         Options.compression_opts.parallel_threads: 1
2021/07/16-20:10:53.541687 7f395a5c41c0                  Options.compression_opts.enabled: false
2021/07/16-20:10:53.541722 7f395a5c41c0      Options.level0_file_num_compaction_trigger: 4
2021/07/16-20:10:53.541728 7f395a5c41c0          Options.level0_slowdown_writes_trigger: 20
2021/07/16-20:10:53.541730 7f395a5c41c0              Options.level0_stop_writes_trigger: 36
2021/07/16-20:10:53.541733 7f395a5c41c0                   Options.target_file_size_base: 67108864
2021/07/16-20:10:53.541736 7f395a5c41c0             Options.target_file_size_multiplier: 1
2021/07/16-20:10:53.541738 7f395a5c41c0                Options.max_bytes_for_level_base: 268435456
2021/07/16-20:10:53.541741 7f395a5c41c0 Options.level_compaction_dynamic_level_bytes: 0
2021/07/16-20:10:53.541743 7f395a5c41c0          Options.max_bytes_for_level_multiplier: 10.000000
2021/07/16-20:10:53.541750 7f395a5c41c0 Options.max_bytes_for_level_multiplier_addtl[0]: 1
2021/07/16-20:10:53.541753 7f395a5c41c0 Options.max_bytes_for_level_multiplier_addtl[1]: 1
2021/07/16-20:10:53.541756 7f395a5c41c0 Options.max_bytes_for_level_multiplier_addtl[2]: 1
2021/07/16-20:10:53.541759 7f395a5c41c0 Options.max_bytes_for_level_multiplier_addtl[3]: 1
2021/07/16-20:10:53.541762 7f395a5c41c0 Options.max_bytes_for_level_multiplier_addtl[4]: 1
2021/07/16-20:10:53.541764 7f395a5c41c0 Options.max_bytes_for_level_multiplier_addtl[5]: 1
2021/07/16-20:10:53.541767 7f395a5c41c0 Options.max_bytes_for_level_multiplier_addtl[6]: 1
2021/07/16-20:10:53.541770 7f395a5c41c0       Options.max_sequential_skip_in_iterations: 8
2021/07/16-20:10:53.541772 7f395a5c41c0                    Options.max_compaction_bytes: 1677721600
2021/07/16-20:10:53.541775 7f395a5c41c0                        Options.arena_block_size: 8388608
2021/07/16-20:10:53.541778 7f395a5c41c0   Options.soft_pending_compaction_bytes_limit: 68719476736
2021/07/16-20:10:53.541780 7f395a5c41c0   Options.hard_pending_compaction_bytes_limit: 274877906944
2021/07/16-20:10:53.541783 7f395a5c41c0       Options.rate_limit_delay_max_milliseconds: 100
2021/07/16-20:10:53.541786 7f395a5c41c0                Options.disable_auto_compactions: 1
2021/07/16-20:10:53.541789 7f395a5c41c0                        Options.compaction_style: kCompactionStyleLevel
2021/07/16-20:10:53.541793 7f395a5c41c0                          Options.compaction_pri: kMinOverlappingRatio
2021/07/16-20:10:53.541796 7f395a5c41c0 Options.compaction_options_universal.size_ratio: 1
2021/07/16-20:10:53.541798 7f395a5c41c0 Options.compaction_options_universal.min_merge_width: 2
2021/07/16-20:10:53.541801 7f395a5c41c0 Options.compaction_options_universal.max_merge_width: 4294967295
2021/07/16-20:10:53.541803 7f395a5c41c0 Options.compaction_options_universal.max_size_amplification_percent: 200
2021/07/16-20:10:53.541806 7f395a5c41c0 Options.compaction_options_universal.compression_size_percent: -1
2021/07/16-20:10:53.541809 7f395a5c41c0 Options.compaction_options_universal.stop_style: kCompactionStopStyleTotalSize
2021/07/16-20:10:53.541812 7f395a5c41c0 Options.compaction_options_fifo.max_table_files_size: 1073741824
2021/07/16-20:10:53.541814 7f395a5c41c0 Options.compaction_options_fifo.allow_compaction: 0
2021/07/16-20:10:53.541825 7f395a5c41c0                   Options.table_properties_collectors: 
2021/07/16-20:10:53.541828 7f395a5c41c0                   Options.inplace_update_support: 0
2021/07/16-20:10:53.541831 7f395a5c41c0                 Options.inplace_update_num_locks: 10000
2021/07/16-20:10:53.541834 7f395a5c41c0               Options.memtable_prefix_bloom_size_ratio: 0.000000
2021/07/16-20:10:53.541838 7f395a5c41c0               Options.memtable_whole_key_filtering: 0
2021/07/16-20:10:53.541841 7f395a5c41c0   Options.memtable_huge_page_size: 0
2021/07/16-20:10:53.541844 7f395a5c41c0                           Options.bloom_locality: 0
2021/07/16-20:10:53.541846 7f395a5c41c0                    Options.max_successive_merges: 0
2021/07/16-20:10:53.541849 7f395a5c41c0                Options.optimize_filters_for_hits: 0
2021/07/16-20:10:53.541851 7f395a5c41c0                Options.paranoid_file_checks: 0
2021/07/16-20:10:53.541854 7f395a5c41c0                Options.force_consistency_checks: 0
2021/07/16-20:10:53.541882 7f395a5c41c0                Options.report_bg_io_stats: 0
2021/07/16-20:10:53.541887 7f395a5c41c0                               Options.ttl: 2592000
2021/07/16-20:10:53.541891 7f395a5c41c0          Options.periodic_compaction_seconds: 2592000
2021/07/16-20:10:53.541989 7f395a5c41c0 [db/db_impl/db_impl.cc:2561] Created column family [CE] (ID 1)
2021/07/16-20:10:53.548361 7f395a5c41c0 [db/column_family.cc:578] --------------- Options for column family [CES]:
2021/07/16-20:10:53.548379 7f395a5c41c0               Options.comparator: leveldb.BytewiseComparator
2021/07/16-20:10:53.548383 7f395a5c41c0           Options.merge_operator: None
2021/07/16-20:10:53.548387 7f395a5c41c0        Options.compaction_filter: filter_outdated
2021/07/16-20:10:53.548390 7f395a5c41c0        Options.compaction_filter_factory: None
2021/07/16-20:10:53.548392 7f395a5c41c0  Options.sst_partitioner_factory: None
2021/07/16-20:10:53.548395 7f395a5c41c0         Options.memtable_factory: SkipListFactory
2021/07/16-20:10:53.548397 7f395a5c41c0            Options.table_factory: BlockBasedTable
2021/07/16-20:10:53.548450 7f395a5c41c0            table_factory options:   flush_block_policy_factory: FlushBlockBySizePolicyFactory (0x7f394ecf8b98)
  cache_index_and_filter_blocks: 0
  cache_index_and_filter_blocks_with_high_priority: 1
  pin_l0_filter_and_index_blocks_in_cache: 0
  pin_top_level_index_and_filter: 1
  index_type: 0
  data_block_index_type: 0
  index_shortening: 1
  data_block_hash_table_util_ratio: 0.750000
  hash_index_allow_collision: 1
  checksum: 1
  no_block_cache: 0
  block_cache: 0x7f394ed25d10
  block_cache_name: LRUCache
  block_cache_options:
    capacity : 8388608
    num_shard_bits : 4
    strict_capacity_limit : 0
    memory_allocator : None
    high_pri_pool_ratio: 0.000
  block_cache_compressed: (nil)
  persistent_cache: (nil)
  block_size: 4096
  block_size_deviation: 10
  block_restart_interval: 16
  index_block_restart_interval: 1
  metadata_block_size: 4096
  partition_filters: 0
  use_delta_encoding: 1
  filter_policy: nullptr
  whole_key_filtering: 1
  verify_compression: 0
  read_amp_bytes_per_bit: 0
  format_version: 4
  enable_index_compression: 1
  block_align: 0
2021/07/16-20:10:53.548488 7f395a5c41c0        Options.write_buffer_size: 67108864
2021/07/16-20:10:53.548493 7f395a5c41c0  Options.max_write_buffer_number: 2
2021/07/16-20:10:53.548496 7f395a5c41c0          Options.compression: NoCompression
2021/07/16-20:10:53.548499 7f395a5c41c0                  Options.bottommost_compression: Disabled
2021/07/16-20:10:53.548502 7f395a5c41c0       Options.prefix_extractor: nullptr
2021/07/16-20:10:53.548504 7f395a5c41c0   Options.memtable_insert_with_hint_prefix_extractor: nullptr
2021/07/16-20:10:53.548507 7f395a5c41c0             Options.num_levels: 7
2021/07/16-20:10:53.548509 7f395a5c41c0        Options.min_write_buffer_number_to_merge: 1
2021/07/16-20:10:53.548512 7f395a5c41c0     Options.max_write_buffer_number_to_maintain: 0
2021/07/16-20:10:53.548514 7f395a5c41c0     Options.max_write_buffer_size_to_maintain: 0
2021/07/16-20:10:53.548517 7f395a5c41c0            Options.bottommost_compression_opts.window_bits: -14
2021/07/16-20:10:53.548520 7f395a5c41c0                  Options.bottommost_compression_opts.level: 32767
2021/07/16-20:10:53.548522 7f395a5c41c0               Options.bottommost_compression_opts.strategy: 0
2021/07/16-20:10:53.548525 7f395a5c41c0         Options.bottommost_compression_opts.max_dict_bytes: 0
2021/07/16-20:10:53.548528 7f395a5c41c0         Options.bottommost_compression_opts.zstd_max_train_bytes: 0
2021/07/16-20:10:53.548530 7f395a5c41c0         Options.bottommost_compression_opts.parallel_threads: 1
2021/07/16-20:10:53.548533 7f395a5c41c0                  Options.bottommost_compression_opts.enabled: false
2021/07/16-20:10:53.548535 7f395a5c41c0            Options.compression_opts.window_bits: -14
2021/07/16-20:10:53.548538 7f395a5c41c0                  Options.compression_opts.level: 32767
2021/07/16-20:10:53.548541 7f395a5c41c0               Options.compression_opts.strategy: 0
2021/07/16-20:10:53.548543 7f395a5c41c0         Options.compression_opts.max_dict_bytes: 0
2021/07/16-20:10:53.548546 7f395a5c41c0         Options.compression_opts.zstd_max_train_bytes: 0
2021/07/16-20:10:53.548548 7f395a5c41c0         Options.compression_opts.parallel_threads: 1
2021/07/16-20:10:53.548551 7f395a5c41c0                  Options.compression_opts.enabled: false
2021/07/16-20:10:53.548590 7f395a5c41c0      Options.level0_file_num_compaction_trigger: 4
2021/07/16-20:10:53.548595 7f395a5c41c0          Options.level0_slowdown_writes_trigger: 20
2021/07/16-20:10:53.548598 7f395a5c41c0              Options.level0_stop_writes_trigger: 36
2021/07/16-20:10:53.548601 7f395a5c41c0                   Options.target_file_size_base: 67108864
2021/07/16-20:10:53.548603 7f395a5c41c0             Options.target_file_size_multiplier: 1
2021/07/16-20:10:53.548606 7f395a5c41c0                Options.max_bytes_for_level_base: 268435456
2021/07/16-20:10:53.548608 7f395a5c41c0 Options.level_compaction_dynamic_level_bytes: 0
2021/07/16-20:10:53.548611 7f395a5c41c0          Options.max_bytes_for_level_multiplier: 10.000000
2021/07/16-20:10:53.548617 7f395a5c41c0 Options.max_bytes_for_level_multiplier_addtl[0]: 1
2021/07/16-20:10:53.548621 7f395a5c41c0 Options.max_bytes_for_level_multiplier_addtl[1]: 1
2021/07/16-20:10:53.548624 7f395a5c41c0 Options.max_bytes_for_level_multiplier_addtl[2]: 1
2021/07/16-20:10:53.548627 7f395a5c41c0 Options.max_bytes_for_level_multiplier_addtl[3]: 1
2021/07/16-20:10:53.548629 7f395a5c41c0 Options.max_bytes_for_level_multiplier_addtl[4]: 1
2021/07/16-20:10:53.548632 7f395a5c41c0 Options.max_bytes_for_level_multiplier_addtl[5]: 1
2021/07/16-20:10:53.548635 7f395a5c41c0 Options.max_bytes_for_level_multiplier_addtl[6]: 1
2021/07/16-20:10:53.548637 7f395a5c41c0       Options.max_sequential_skip_in_iterations: 8
2021/07/16-20:10:53.548640 7f395a5c41c0                    Options.max_compaction_bytes: 1677721600
2021/07/16-20:10:53.548643 7f395a5c41c0                        Options.arena_block_size: 8388608
2021/07/16-20:10:53.548645 7f395a5c41c0   Options.soft_pending_compaction_bytes_limit: 68719476736
2021/07/16-20:10:53.548648 7f395a5c41c0   Options.hard_pending_compaction_bytes_limit: 274877906944
2021/07/16-20:10:53.548651 7f395a5c41c0       Options.rate_limit_delay_max_milliseconds: 100
2021/07/16-20:10:53.548653 7f395a5c41c0                Options.disable_auto_compactions: 1
2021/07/16-20:10:53.548657 7f395a5c41c0                        Options.compaction_style: kCompactionStyleLevel
2021/07/16-20:10:53.548661 7f395a5c41c0                          Options.compaction_pri: kMinOverlappingRatio
2021/07/16-20:10:53.548663 7f395a5c41c0 Options.compaction_options_universal.size_ratio: 1
2021/07/16-20:10:53.548666 7f395a5c41c0 Options.compaction_options_universal.min_merge_width: 2
2021/07/16-20:10:53.548668 7f395a5c41c0 Options.compaction_options_universal.max_merge_width: 4294967295
2021/07/16-20:10:53.548671 7f395a5c41c0 Options.compaction_options_universal.max_size_amplification_percent: 200
2021/07/16-20:10:53.548674 7f395a5c41c0 Options.compaction_options_universal.compression_size_percent: -1
2021/07/16-20:10:53.548677 7f395a5c41c0 Options.compaction_options_universal.stop_style: kCompactionStopStyleTotalSize
2021/07/16-20:10:53.548679 7f395a5c41c0 Options.compaction_options_fifo.max_table_files_size: 1073741824
2021/07/16-20:10:53.548682 7f395a5c41c0 Options.compaction_options_fifo.allow_compaction: 0
2021/07/16-20:10:53.548692 7f395a5c41c0                   Options.table_properties_collectors: 
2021/07/16-20:10:53.548695 7f395a5c41c0                   Options.inplace_update_support: 0
2021/07/16-20:10:53.548698 7f395a5c41c0                 Options.inplace_update_num_locks: 10000
2021/07/16-20:10:53.548701 7f395a5c41c0               Options.memtable_prefix_bloom_size_ratio: 0.000000
2021/07/16-20:10:53.548705 7f395a5c41c0               Options.memtable_whole_key_filtering: 0
2021/07/16-20:10:53.548708 7f395a5c41c0   Options.memtable_huge_page_size: 0
2021/07/16-20:10:53.548710 7f395a5c41c0                           Options.bloom_locality: 0
2021/07/16-20:10:53.548713 7f395a5c41c0                    Options.max_successive_merges: 0
2021/07/16-20:10:53.548715 7f395a5c41c0                Options.optimize_filters_for_hits: 0
2021/07/16-20:10:53.548718 7f395a5c41c0                Options.paranoid_file_checks: 0
2021/07/16-20:10:53.548720 7f395a5c41c0                Options.force_consistency_checks: 0
2021/07/16-20:10:53.548749 7f395a5c41c0                Options.report_bg_io_stats: 0
2021/07/16-20:10:53.548754 7f395a5c41c0                               Options.ttl: 2592000
2021/07/16-20:10:53.548757 7f395a5c41c0          Options.periodic_compaction_seconds: 2592000
2021/07/16-20:10:53.548853 7f395a5c41c0 [db/db_impl/db_impl.cc:2561] Created column family [CES] (ID 2)
2021/07/16-20:10:53.561349 7f395a5c41c0 [db/db_impl/db_impl_open.cc:1638] SstFileManager instance 0x7f395a10e880
2021/07/16-20:10:53.561431 7f395a5c41c0 DB pointer 0x7f394ed70000
2021/07/16-20:10:54.562699 7f39447eb640 [db/db_impl/db_impl.cc:898] ------- DUMPING STATS -------
2021/07/16-20:10:54.562889 7f39447eb640 [db/db_impl/db_impl.cc:900] 
** DB Stats **
Uptime(secs): 1.0 total, 1.0 interval
Cumulative writes: 0 writes, 0 keys, 0 commit groups, 0.0 writes per commit group, ingest: 0.00 GB, 0.00 MB/s
Cumulative WAL: 0 writes, 0 syncs, 0.00 writes per sync, written: 0.00 GB, 0.00 MB/s
Cumulative stall: 00:00:0.000 H:M:S, 0.0 percent
Interval writes: 0 writes, 0 keys, 0 commit groups, 0.0 writes per commit group, ingest: 0.00 MB, 0.00 MB/s
Interval WAL: 0 writes, 0 syncs, 0.00 writes per sync, written: 0.00 MB, 0.00 MB/s
Interval stall: 00:00:0.000 H:M:S, 0.0 percent

** Compaction Stats [default] **
Level    Files   Size     Score Read(GB)  Rn(GB) Rnp1(GB) Write(GB) Wnew(GB) Moved(GB) W-Amp Rd(MB/s) Wr(MB/s) Comp(sec) CompMergeCPU(sec) Comp(cnt) Avg(sec) KeyIn KeyDrop
----------------------------------------------------------------------------------------------------------------------------------------------------------------------------
 Sum      0/0    0.00 KB   0.0      0.0     0.0      0.0       0.0      0.0       0.0   0.0      0.0      0.0      0.00              0.00         0    0.000       0      0
 Int      0/0    0.00 KB   0.0      0.0     0.0      0.0       0.0      0.0       0.0   0.0      0.0      0.0      0.00              0.00         0    0.000       0      0

** Compaction Stats [default] **
Priority    Files   Size     Score Read(GB)  Rn(GB) Rnp1(GB) Write(GB) Wnew(GB) Moved(GB) W-Amp Rd(MB/s) Wr(MB/s) Comp(sec) CompMergeCPU(sec) Comp(cnt) Avg(sec) KeyIn KeyDrop
-------------------------------------------------------------------------------------------------------------------------------------------------------------------------------
Uptime(secs): 1.0 total, 1.0 interval
Flush(GB): cumulative 0.000, interval 0.000
AddFile(GB): cumulative 0.000, interval 0.000
AddFile(Total Files): cumulative 0, interval 0
AddFile(L0 Files): cumulative 0, interval 0
AddFile(Keys): cumulative 0, interval 0
Cumulative compaction: 0.00 GB write, 0.00 MB/s write, 0.00 GB read, 0.00 MB/s read, 0.0 seconds
Interval compaction: 0.00 GB write, 0.00 MB/s write, 0.00 GB read, 0.00 MB/s read, 0.0 seconds
Stalls(count): 0 level0_slowdown, 0 level0_slowdown_with_compaction, 0 level0_numfiles, 0 level0_numfiles_with_compaction, 0 stop for pending_compaction_bytes, 0 slowdown for pending_compaction_bytes, 0 memtable_compaction, 0 memtable_slowdown, interval 0 total count

** File Read Latency Histogram By Level [default] **

** Compaction Stats [CE] **
Level    Files   Size     Score Read(GB)  Rn(GB) Rnp1(GB) Write(GB) Wnew(GB) Moved(GB) W-Amp Rd(MB/s) Wr(MB/s) Comp(sec) CompMergeCPU(sec) Comp(cnt) Avg(sec) KeyIn KeyDrop
----------------------------------------------------------------------------------------------------------------------------------------------------------------------------
 Sum      0/0    0.00 KB   0.0      0.0     0.0      0.0       0.0      0.0       0.0   0.0      0.0      0.0      0.00              0.00         0    0.000       0      0
 Int      0/0    0.00 KB   0.0      0.0     0.0      0.0       0.0      0.0       0.0   0.0      0.0      0.0      0.00              0.00         0    0.000       0      0

** Compaction Stats [CE] **
Priority    Files   Size     Score Read(GB)  Rn(GB) Rnp1(GB) Write(GB) Wnew(GB) Moved(GB) W-Amp Rd(MB/s) Wr(MB/s) Comp(sec) CompMergeCPU(sec) Comp(cnt) Avg(sec) KeyIn KeyDrop
-------------------------------------------------------------------------------------------------------------------------------------------------------------------------------
Uptime(secs): 1.0 total, 1.0 interval
Flush(GB): cumulative 0.000, interval 0.000
AddFile(GB): cumulative 0.000, interval 0.000
AddFile(Total Files): cumulative 0, interval 0
AddFile(L0 Files): cumulative 0, interval 0
AddFile(Keys): cumulative 0, interval 0
Cumulative compaction: 0.00 GB write, 0.00 MB/s write, 0.00 GB read, 0.00 MB/s read, 0.0 seconds
Interval compaction: 0.00 GB write, 0.00 MB/s write, 0.00 GB read, 0.00 MB/s read, 0.0 seconds
Stalls(count): 0 level0_slowdown, 0 level0_slowdown_with_compaction, 0 level0_numfiles, 0 level0_numfiles_with_compaction, 0 stop for pending_compaction_bytes, 0 slowdown for pending_compaction_bytes, 0 memtable_compaction, 0 memtable_slowdown, interval 0 total count

** File Read Latency Histogram By Level [CE] **

** Compaction Stats [CES] **
